# Blender v2.79 (sub 0) OBJ File: ''
# www.blender.org
mtllib EmptyRoom(OBJ).mtl
o Cube
v 3.835737 -0.086759 -3.429089
v 3.835737 -0.086759 3.429090
v -3.835737 -0.086759 3.429089
v -3.835735 -0.086759 -3.429091
v 3.835738 0.086759 -3.429088
v 3.835734 0.086759 3.429092
v -3.835738 0.086759 3.429088
v -3.835736 0.086759 -3.429090
vn 0.0000 -1.0000 -0.0000
vn 0.0000 1.0000 -0.0000
vn 1.0000 0.0000 0.0000
vn -0.0000 -0.0000 1.0000
vn -1.0000 -0.0000 -0.0000
vn 0.0000 0.0000 -1.0000
usemtl Material
s off
f 1//1 2//1 3//1 4//1
f 5//2 8//2 7//2 6//2
f 1//3 5//3 6//3 2//3
f 2//4 6//4 7//4 3//4
f 3//5 7//5 8//5 4//5
f 5//6 1//6 4//6 8//6
o Cube.002
v -3.977368 0.071389 -3.588060
v -3.956152 4.352941 -3.531987
v 3.888971 4.313021 -3.452120
v 3.867754 0.031469 -3.508193
v -3.979148 0.069127 -3.414538
v -3.957928 4.350678 -3.358466
v 3.887194 4.310757 -3.278599
v 3.865977 0.029206 -3.334671
vn 0.0102 0.0130 -0.9999
vn -0.0102 -0.0130 0.9999
vn -0.9999 0.0051 -0.0102
vn 0.0050 0.9999 0.0131
vn 0.9999 -0.0051 0.0102
vn -0.0050 -0.9999 -0.0131
usemtl Material.002
s off
f 9//7 10//7 11//7 12//7
f 13//8 16//8 15//8 14//8
f 9//9 13//9 14//9 10//9
f 10//10 14//10 15//10 11//10
f 11//11 15//11 16//11 12//11
f 13//12 9//12 12//12 16//12
o Cube.003
v -3.996154 4.365812 -3.338144
v -3.995874 0.001696 -3.369207
v -3.987110 -0.046170 3.355899
v -3.987390 4.317946 3.386961
v -3.822610 4.365824 -3.338372
v -3.822330 0.001708 -3.369431
v -3.813565 -0.046157 3.355674
v -3.813845 4.317958 3.386736
vn -1.0000 -0.0001 0.0013
vn 1.0000 0.0001 -0.0013
vn -0.0013 0.0071 -1.0000
vn 0.0001 -1.0000 -0.0071
vn 0.0013 -0.0071 1.0000
vn -0.0001 1.0000 0.0071
usemtl Material.003
s off
f 17//13 18//13 19//13 20//13
f 21//14 24//14 23//14 22//14
f 17//15 21//15 22//15 18//15
f 18//16 22//16 23//16 19//16
f 19//17 23//17 24//17 20//17
f 21//18 17//18 20//18 24//18
o Cube.001_Cube.009
v 3.887929 0.071154 3.487522
v 3.867206 4.352345 3.408472
v -3.978328 4.314196 3.399109
v -3.957603 0.033004 3.478160
v 3.888154 0.067952 3.314006
v 3.867426 4.349143 3.234956
v -3.978106 4.310993 3.225593
v -3.957381 0.029802 3.304644
vn -0.0013 0.0185 0.9998
vn 0.0013 -0.0185 -0.9998
vn 1.0000 0.0049 0.0012
vn -0.0048 0.9998 -0.0185
vn -1.0000 -0.0049 -0.0012
vn 0.0048 -0.9998 0.0185
usemtl Material.009
s off
f 25//19 26//19 27//19 28//19
f 29//20 32//20 31//20 30//20
f 25//21 29//21 30//21 26//21
f 26//22 30//22 31//22 27//22
f 27//23 31//23 32//23 28//23
f 29//24 25//24 28//24 32//24
o Cube.004_Cube.010
v 3.915770 4.365813 3.355092
v 3.915669 0.001697 3.386157
v 3.868219 -0.046171 -3.338788
v 3.868320 4.317945 -3.369851
v 3.742229 4.365825 3.356318
v 3.742128 0.001709 3.387379
v 3.694679 -0.046158 -3.337564
v 3.694780 4.317957 -3.368628
vn 1.0000 -0.0001 -0.0071
vn -1.0000 0.0001 0.0071
vn 0.0071 0.0071 0.9999
vn -0.0000 -1.0000 0.0071
vn -0.0071 -0.0071 -0.9999
vn 0.0000 1.0000 -0.0071
usemtl Material.010
s off
f 33//25 34//25 35//25 36//25
f 37//26 40//26 39//26 38//26
f 33//27 37//27 38//27 34//27
f 34//28 38//28 39//28 35//28
f 35//29 39//29 40//29 36//29
f 37//30 33//30 36//30 40//30
